LRO Barycentric orbit(1.1) 32162400        , -44865440760.6891, 128356694832.693, 55655900766.3717, -29202.778274978, -8751.21830988242, -4757.54747954612

LRO Mooncentric orbit(1.2) 32162400        , -1236758.58663525, 890034.365018344, -1182154.9516151, 730.090842669304, -542.410866433372, -1294.93120388652

LRO Barycentric orbit(1.3) 32162400        , -44862380079.7269, 128356732927.999, 55656847724.1112, -29107.0127502378, -8626.64719551448, -2308.7208850144

LRO Mooncentric orbit(1.3) 32162400        , -1234054.86323768, 888671.377407752, -1185325.53949928, 734.156577548818, -541.616631244169, -1293.38112857536

LRO moon-centered perturbed orbit(1.4) 32162400        , -1470122.47155761, 1136622.85462338, -499641.62268968, 247.887211510102, -234.700383420339, -1549.19783368072

Without Earth(1.5) 32162400        , -1469938.13627318, 1134577.42132606, -502743.676564718, 251.756792382731, -234.048884207248, -1549.12763170598

Without Moon Spherical Harmonic(1.5)  32162400        , -1236524.03311859, 889853.703366832, -1182609.26175665, 730.365959950818, -542.609951617565, -1294.64638175281

Thrust Vel-dir(1.6) 32162400        , -3689517.1571587, 2737555.40473412, -832895.720186798, 102.037147103537, -97.1824040192993, -1016.15639879711, 891.637817195733

